11 1 11 19
11 1 19 37
11 2 37 39 54
11 1 54 55
11 1 55 207
11 1 207 192
11 1 192 193
11 1 193 209
134 1 134 119
134 1 119 11
134 1 11 19
134 1 19 37
134 2 37 39 54
134 1 54 55
134 1 55 207
134 1 207 192
134 1 192 208
128 1 128 121
128 5 121 122 123 124 125 126
128 1 126 134
128 1 134 119
128 1 119 11
128 1 11 19
128 1 19 37
128 2 37 39 54
128 1 54 55
128 1 55 207
129 1 129 122
129 4 122 123 124 125 126
129 1 126 134
129 1 134 119
129 1 119 11
129 1 11 19
129 1 19 37
129 2 37 39 54
129 1 54 55
129 1 55 191
129 1 191 190
129 1 190 189
129 1 189 188
129 1 188 203
130 1 130 123
130 3 123 124 125 126
130 1 126 134
130 1 134 119
130 1 119 11
130 1 11 19
130 1 19 37
130 2 37 39 54
130 1 54 55
130 1 55 191
130 1 191 190
130 1 190 189
130 1 189 188
130 1 188 187
130 1 187 210
131 1 131 124
131 2 124 125 126
131 1 126 134
131 1 134 119
131 1 119 11
131 1 11 19
131 1 19 37
131 2 37 39 54
131 1 54 55
131 1 55 191
131 1 191 190
131 1 190 205
132 1 132 125
132 1 125 126
132 1 126 134
132 1 134 119
132 1 119 11
132 1 11 19
132 1 19 37
132 2 37 39 54
132 1 54 55
132 1 55 191
132 1 191 190
132 1 190 189
132 1 189 204
133 1 133 126
133 1 126 134
133 1 134 119
133 1 119 11
133 1 11 19
133 1 19 37
133 2 37 39 54
133 1 54 55
133 1 55 191
133 1 191 49
